75.915100 3.837730 -6.782750 1.965820
84.717700 -0.501259 33.862900 7.539850
246.641000 -4.436740 0.014558 4.041170
43.921000 1.128620 -2.764960 5.420690
175.639000 49.249600 -22.391000 2.082170
209.975000 -10.439500 -6.222200 4.997050
96.390900 -9.375710 2.510970 9.413940
267.208000 -10.536000 2.836030 9.780230
249.092000 -13.830500 3.215080 2.757810
74.249200 -6.344790 1.796800 2.023140
178.218000 -8.620940 4.820460 2.426520
185.266000 22.480900 -19.113800 18.947500
70.777600 -1.112060 -0.893790 4.662530
28.971400 -18.777300 27.658000 4.616490
252.397000 -10.895900 9.015640 1.883640
80.040800 -20.000000 12.258400 6.032600
89.910300 19.432200 -5.572970 8.915850
312.526000 10.720300 0.173300 3.426790
112.699000 -22.530500 -9.249050 4.315360
91.478600 16.234300 17.541400 1.467980
225.332000 1.340200 6.157620 1.757310
313.885000 5.608190 5.748610 3.457740
212.012000 7.514910 -3.393770 3.587500
329.866000 12.896800 -0.938310 6.535790
356.452000 -14.023800 -13.332700 2.254520
249.447000 23.079800 2.830470 5.851080
52.207500 -4.405510 2.253320 3.119410
148.559000 10.751300 3.538230 1.497860
142.549000 14.259600 11.768100 2.249850
296.657000 43.070800 21.681400 1.517450
275.774000 8.625400 -14.914100 5.237140
116.259000 -7.164310 -9.263110 3.888420
134.368000 -13.607000 -1.856720 2.736020
209.526000 -9.355170 -22.191200 11.349100
249.570000 44.747200 17.110100 7.202420
356.693000 -4.377270 -3.611390 2.917460
7.660570 22.857500 10.609300 4.548670
346.387000 -3.967970 2.613180 10.101100
238.242000 9.605010 -2.635510 3.942440
306.033000 75.254200 18.695200 16.034100
311.732000 -24.880600 16.441300 7.093030
60.416500 -30.343800 10.900500 3.609550
2.176440 5.046160 -1.737730 7.161370
44.487900 -27.439600 6.807620 2.604810
84.373400 -7.594950 -18.017300 1.977440
131.513000 -8.548790 -0.599704 1.541530
221.629000 -8.368640 4.187250 1.063010
64.654800 -8.064380 1.400130 3.537360
99.873500 -12.620400 -7.143240 3.327930
